2015 04 15 11381
2015 04 16 12846
2015 04 17 6118
2015 04 18 11546
2015 04 19 6177
2015 04 20 4237
2015 04 21 5378
2015 04 22 4931
2015 04 23 6885
2015 04 24 9203
2015 04 25 6628
2015 04 26 182
2015 04 27 7337
2015 04 28 6271
2015 04 29 5502
2015 04 30 9987
2015 05 01 18461
2015 05 02 6917
2015 05 03 3524
2015 05 04 6854
2015 05 05 1385
2015 05 06 18028
2015 05 07 10814
2015 05 08 1033
2015 05 09 15721
2015 05 10 9020
2015 05 11 6333
2015 05 12 8152
2015 05 13 7548
2015 05 14 6668
2015 05 15 10720
2015 05 16 5216
2015 05 17 13591
2015 05 18 6727
2015 05 19 8878
2015 05 20 3503
2015 05 21 5258
2015 05 22 7051
2015 05 23 0
2015 05 24 7414
2015 05 25 5213
2015 05 26 8926
2015 05 27 4957
2015 05 28 6033
2015 05 29 7425
2015 05 30 6248
2015 05 31 5851
2015 06 01 327
2015 06 02 5967
2015 06 03 6818
2015 06 04 6114
2015 06 05 11441
2015 06 06 317
2015 06 07 2336
2015 06 08 5170
2015 06 09 6170
2015 06 10 7369
2015 06 11 6762
2015 06 12 5110
2015 06 13 14795
2015 06 14 476
2015 06 15 3119
2015 06 16 8376
2015 06 17 9242
2015 06 18 9170
2015 06 19 8864
2015 06 20 16233
2015 06 21 5042
2015 06 22 5484
2015 06 23 4011
2015 06 24 5486
2015 06 25 4831
2015 06 26 11520
2015 06 27 651
2015 06 28 0
2015 06 29 9504
2015 06 30 6637
2015 07 01 5130
2015 07 02 6958
2015 07 03 8514
2015 07 04 379
2015 07 05 5223
2015 07 06 5318
2015 07 07 6852
2015 07 08 8558
2015 07 09 5937
2015 07 10 7313
2015 07 11 4643
2015 07 12 948
2015 07 13 0
2015 07 14 12078
2015 07 15 8405
2015 07 16 12634
2015 07 17 11080
2015 07 18 13510
2015 07 19 2327
2015 07 20 130
2015 07 21 11651
2015 07 22 404
2015 07 23 1363
2015 07 24 16198
2015 07 25 6182
2015 07 26 6753
2015 07 27 4901
2015 07 28 10202
2015 07 29 4030
2015 07 30 4174
2015 07 31 10365
2015 08 01 9731
2015 08 02 6312
2015 08 03 6870
2015 08 04 480
2015 08 05 7165
2015 08 06 4041
2015 08 07 2241
2015 08 08 381
2015 08 09 329
2015 08 10 211
2015 08 11 283
2015 08 12 147
2015 08 13 0
2015 08 14 253
2015 08 15 0
2015 08 16 7411
2015 08 17 3090
2015 08 18 649
2015 08 19 211
2015 08 20 272
2015 08 21 436
2015 08 22 3745
2015 08 23 7836
2015 08 24 254
2015 08 25 10910
2015 08 26 327
2015 08 27 298
2015 08 28 3236
2015 08 29 4737
2015 08 30 5776
2015 08 31 549
2015 09 01 9327
2015 09 02 5808
2015 09 03 5020
2015 09 04 4251
2015 09 05 439
2015 09 06 2302
2015 09 07 4850
2015 09 08 1996
